Bounds: 0 460 0 577 0 422
Start: 0.4343559447698911 0.3747085167065088 0.06613254670125314 38.49544966220856 0.3766063672540195 -0.43769367555158734 0.006440047537671216 126.15201961062849 0.05433423242542234 0.03830669840355518 -0.5733111994154779 46.031438414007425 0.0 0.0 0.0 1.0
Goal: 47.2773562297225 127.20923578320071 -18.746987525373697
Obstacles: ./../data/input/ReMIND_obstacles_001.npy
NeedleRobot: 0 500 0 0.05 -3.14 3.14
Transform: 0.2256585955619812 0.19467028975486755 0.03435748443007469 -83.71347045898438 0.19565626978874207 -0.22739262878894806 0.0033457630779594183 106.42790985107422 0.028227970004081726 0.019901271909475327 -0.29784926772117615 43.78684616088867 0.0 0.0 0.0 1.0
SphereBounds: 228 301 175 288.5